4971850031574
4954628434807
4976660179263
4954628587213
4954628430342
4974375464605
4974375465725
4954628430502
4971850470205
4971850030973
4971850952046
4971850084587
4971850069102
4971850938484
4549526145230
4971850968467
4971850051046
4971850951841
4974375466753
4954628432445
4954628434845
4976660176996
4974375461697
4954628425706
4549526121012
4971850038139
4906006273720
4971850050599
4549526128288
4976660167918
4974375459687
4954628427038
4971850062332
4971850072911
4974375461123
4971850068693
4974375466203
4971850946465
4971850988700
4906006229833
4974375456433
4974375461130
4971850056225
4971850050223
4974375456570
4971850994893
4974375456730
4971850997122
4971850996385
4906006273539
4971850039075
4974375439504
4549526113239
4974375453548
4971850069225
4954628425010
4954628428554
4974375456372
4971850058151
4974375422216
4976660171052
4971850431220
4974375459090
4976660171090
4974375455368
4974375447349
4954628429612
4971850949824
4971850068792
4971850038931
4974375434868
4954628429650
4971850913481
4971850068488
4971850997528
4971850081739
4971850971023
4976660178440
4954628415820
4971850920656
4971850056423
4971850054726
4954628441584
4954628429360
4971850037675
4954628438225
4988617216587
4971850960065
4971850981077
4954628434661
4974375418318
4971850999201
4954628431882
4954628429711
4954628421067
4971850027201
4974375467552
4549526116698
4954628418883
4971850975304
4971850918271
4906006239481
4954628431530
4954628428127
4954628444172
4974375466340
4976660171175
4974375466760
4988617181465
4971850069003
4974375460591
4971850086352
4971850078036
4971850928935
4906006240050
4971850055716
4971850031772
4971850906315
4971850894391
4971850069270
4549526113338
4971850982692
4974375471153
4971850028307
4974375478879
4976660171908
4974375477582
4974375476363
4988617181441
4971850964193
4976660179003
4971850762195
4549526101915
4954628434227
4971850036517
4974375445437
4549526112485
4954628422576
4974375450233
4549526112157
4971850985457
4974375477858
4971850919674
4549526107740
4971850031222
4549526113130
4549526112546
4549526126314
4549526850028
4549526108143
4549526111921
4549526112584
4976660160780
4549526102202
4971850038337
4906006263011
4971850055433
4971850058427
4971850056379
4971850958659
4974375389274
4976660173995
4971850958673
4971850031277
4971850038382
4549526115035
4988617142435
4971850897651
4971850068242
4971850077428
4971850999188
4954628405395
4971850072836
4974375450226
4971850909781
4971850967774
4974375384262
4549526102257
4971850031826
4976660176026
4974375458574
4971850082217
4976660172257
4971850948285
4974375460355
4971850058625
4954628430656
4971850083740
4971850077664
4954628429377
4971850072485
4954628428790
4954628427045
4976660171373
4906006228577
4971850029731
4971850068891
4971850069171
5745029276276
4976660172233
4954628425355
4971850921202
4971850916109
4971850068648
4971850082170
4971850077626
4971850985242
4974375448162
4976660172325
4971850982296
4971850989240
4974375447141
4954628420176
4974375376786
4974375376892
4971850031130
4954628432650
4971850050872
4971850071884
4976660172578
4971850983095
4976660171366
4971850977568
4971850948421
4974375425255
4971850929284
4549526100079
4971850068228
4971850056171
4971850086222
4971850051091
4954628426819
4971850988366
4974375448902
4954628425171
4974375448476
4954628425393
4971850914532
4971850907480
4974375465787
4549526100703
4976660176064
4971850997009
4971850996958
4974375448957
4974375447776
4976660172240
4971850982319
4974375447943
4971850981633
4971850923695
4954628422583
4971850962922
4974375464940
4971850054542
4971850086451
4974375452473
4974375447318
4971850918493
4974375447134
4971850909316
4954628439741
4954628431448
4971850055662
4971850072201
4971850072751
4971850996187
4974375450738
4954628427458
4971850989325
4971850989011
4971850985495
4971850985532
4954628426345
4971850985228
4954628424983
4971850983781
4971850918585
4971850913368
4974375446977
4971850911753
4971850909866
4954628422606
4971850979005
4971850971931
4974375464520
4906006268214
4954628432421
4976660175692
4954628428998
4971850072089
4971850077541
4954628428523
4971850993605
4971850988939
4971850988977
4971850988328
4954628426321
4971850984177
4971850981428
4971850918707
4971850921127
4976660171069
4954628422552
4954628421081
4971850969303
4974375435063
4974375433045
4954628434784
4974375461185
